0
255
255
255
255
255
255
255
166
47
1
1
13
99
181
211
243
255
206
42
20
179
216
102
1
1
1
13
164
255
166
1
99
178
66
28
214
169
1
75
255
255
79
1
81
240
194
27
111
255
108
1
101
159
1
66
127
1
1
137
255
203
50
79
221
155
43
166
221
72
1
35
242
245
57
101
203
80
1
212
255
249
42
1
140
211
108
42
215
171
1
116
255
164
1
57
171
104
1
16
130
107
37
227
138
1
172
167
1
42
255
255
255
255
255
255
255
255
255
255
255
255
255
255
255
255
255
255
255
255
255
255
255
255
255
255
255
255
255
255
255
255
255
255
255
255
255
255
255
255
255
255
255
255
0
